0.006213431196635642 0.006093797960373888
0.016273769931560926 0.016088293417658994
0.024662886711501398 0.02440596778013251
0.03174716770863455 0.03141479823274542
0.03782470000691323 0.037412651626244305
0.043123816918449236 0.04262945360742255
0.04782373271321514 0.04724654129300462
0.0520639618620631 0.05140518524372403
0.0559501591493161 0.055212090839504645
0.059559123928395984 0.05874442133332036
0.06294359885009895 0.06205477695508367
0.06613686630256857 0.06517600375663445
0.06915702476092818 0.0681256456718001
0.07201084787895455 0.07090991684476639
0.07469717309737375 0.07352714164310481
0.07720980220467459 0.07597065911416608
0.07953991994199705 0.07823121698270466
0.08167805156455689 0.08029889410032086
0.0836155896185397 0.08216459561937152
0.08534592616890767 0.08382116617996545
0.0868652304093082 0.08526416541863131
0.08817291357910499 0.08649234834113513
0.08927182381206007 0.08750789113429236
0.09016821331599151 0.08831640110719234
0.09087151946904784 0.08892674778833
0.09139400027918577 0.08935075081506165
0.09175026333859865 0.08960275911575885
0.09195672593433474 0.08969915491187905
0.0920310422435457 0.08965781508919168
0.09199153134301787 0.08949756127045487
0.09185663683725896 0.08923762817721988
0.09164444500605086 0.08889717729518022
0.0913722833121294 0.08849487918411608
0.09105641486199058 0.08804858283079156
0.09071183714029163 0.08757508421733814
0.09035218542056161 0.08708999896299634
0.08998973325975818 0.08660773590586374
0.0896354750988202 0.08614156042486903
0.08929926992242623 0.08570372888323449
0.08899002079379024 0.08530566954764629
0.08871586330203687 0.08495818136224935
0.08848433672231851 0.08467162052231633
0.08830251490972682 0.08445604615602743
0.08817707930285977 0.08432130058806767
0.08811432337985563 0.08427700637329755
0.08812008582710905 0.08433247105918376
0.08819961779670679 0.08449650073062855
0.0883573971578836 0.08477713386322883
0.08859690882773341 0.08518131673586207
0.08892041443003688 0.08571454942533017
0.08932873619604795 0.0863805361079991
0.08982107897548205 0.08718087421483205
0.09039491059608899 0.08811481364828438
0.09104591507350587 0.08917911016404442
0.09176802609794796 0.09036798719698326
0.09255354074885773 0.09167320938793407
0.09339330644947881 0.09308426050445577
0.09427696854709947 0.0945886097857534
0.09519326208474627 0.09617204491949637
0.09613032948767493 0.09781904719975902
0.09707604589211967 0.09951318466769604
0.09801833535343339 0.10123750155685556
0.0989454637305008 0.10297488632859662
0.09984629719185167 0.10470840519480003
0.10071051862035231 0.10642159263620403
0.10152879740612114 0.10809869460409037
0.10229291101162145 0.10972486360615709
0.10299581916571174 0.11128630765867255
0.10363169355831907 0.11277039717425809
0.104195907473008 0.11416573534727262
0.10468499094089113 0.1154621986132409
0.10509655775985843 0.11665095440465945
0.10542921113280668 0.11772446379645343
0.1056824347624579 0.11867647679706134
0.105856476023551 0.11950202804235023
0.10595222733930015 0.12019744051675206
0.10597111114838752 0.12076034467009367
0.10591497290252845 0.12118971991948375
0.10578598543619495 0.12148596500792354
0.10558656686832539 0.12165100300722005
0.10531931300895955 0.12168842585097317
0.10498694413893585 0.12160368208776394
0.10459226509326416 0.1214043099386385
0.1041381368879309 0.12110021556589383
0.10362745774850307 0.12070399349646685
0.1030631513685943 0.12023128212675119
0.10244816056095604 0.11970114186970857
0.10178544514775753 0.11913643651251678
0.10107798392287018 0.11856418958151861
0.10032878173266216 0.11801587710772726
0.09954088406338546 0.11752760685846805
0.09871740287487034 0.11714012344736573
0.09786155865333711 0.11689857156059708
0.09697674463886016 0.11685194996622816
0.09606661978705071 0.11705220205138732
0.09513523713275852 0.1175529190733034
0.09418721372919386 0.1184076822316568
0.09322794714448834 0.11966813575348395
0.09226388151891834 0.1213819545757914
0.09130282332525361 0.12359092913286904
0.09035430312528081 0.1263294162289867
0.08942997465645255 0.1296233849169803
0.08854403640043429 0.13349021922572837
0.08771365332979959 0.13793934098362656
0.08695934793228771 0.14297361191365485
0.0863053203772409 0.14859139041293482
0.08577964895717798 0.154789070437239
0.08541431576136993 0.16156391875956488
0.08524500203027391 0.16891704212862338
0.08531060672766579 0.17685634233464315
0.08565246435248766 0.1853993414253394
0.08631327574345381 0.19457577325238767
0.08733581610633144 0.20442983928943753
0.08876153898882855 0.21502201945644103
0.09062923886254239 0.22643031907672173
0.09297395188383269 0.2387508292210896
0.09582625291757249 0.2520974875088826
0.09921204738737374 0.2666009558107671
0.10315287301059636 0.2824065820491255
0.10766664172963422 0.2996714815821041
0.11276868807353654 0.3185608495887168
0.11847295932845497 0.33924368504121283
0.12479318544408408 0.36188815396395724
0.13174389335728964 0.38665683329552714
0.1393411687221504 0.4137020532548727
0.1476031069957313 0.4431615015462754
0.15654992884613617 0.47515418058780584
0.16620375964552914 0.5097767362409696
0.17658809008164697 0.5471001189749789
0.18772694674524457 0.587166506993163
0.19964381019624267 0.6299864206461151
