0.0008558015148424167 0.0008561332115802437 0.0008565054186879318 0.024187991428092866 0.02420398920943053 0.024202321107311724 0.011641541732384022 0.011641253803941003 0.01164033801853263 6.546316294694332e-07 0.000136683481843506 1.631584091785137e-05 0.0 0.0 0.0
0.0012795220118138428 0.0012806910375906357 0.0012819392571999492 0.04341809933853514 0.04359315202389876 0.043735516730259265 0.018249843657750724 0.018256268310040027 0.018258845912098053 2.063028648729691e-06 0.00022572265842611528 5.2199961038385495e-05 0.0 0.0 0.0
0.0016128278385255234 0.0016159885221514703 0.001619197564297479 0.05865021730120668 0.05907303003596862 0.05945449888150582 0.023566413524694633 0.023607623601527343 0.023638015246833455 3.7415631618869722e-06 0.0002880308227487159 9.538189004531344e-05 0.0 0.0 0.0
0.001966200830615376 0.0019730448653416735 0.001979894985320118 0.07068603836194023 0.07140356304469313 0.07207801241890466 0.029286918087976142 0.029411594663807914 0.02951637655290148 5.469498187874087e-06 0.0003365697322317489 0.00013980326706300873 0.0 0.0 0.0
0.0023406577542448167 0.0023527662620969917 0.002364923437779483 0.08020079145737849 0.08123091501022171 0.08222216837913059 0.035678198693393975 0.03593996270584571 0.036173630158485064 7.170980781272141e-06 0.0003784335379705971 0.00018301149031268662 0.0 0.0 0.0
0.002709164215268664 0.0027275536608783804 0.002746173338854813 0.08775536338375636 0.08909816206806132 0.09041081377317899 0.04240028536295162 0.04284584677632886 0.04325802896832175 8.82119450050208e-06 0.0004171571157828292 0.0002244259330471303 0.0 0.0 0.0
0.0030493587720034966 0.003074356698297729 0.003099916087209014 0.0938050476219214 0.09545162038976564 0.09708008109605844 0.04905967138913667 0.049725926021844426 0.05035723862844694 1.0400438824258937e-05 0.00045438711991494126 0.0002643410628390318 0.0 0.0 0.0
0.0033489051323522825 0.003380193367934461 0.003412513230650808 0.09870961731253373 0.1006482332926302 0.10258336360313755 0.0554005115401958 0.056316144761455474 0.05719906046520591 1.1882320668485894e-05 0.0004908873871616462 0.00030338117280332506 0.0 0.0 0.0
0.0036029256223684466 0.0036396342375199847 0.0036779669813665574 0.10274520304054124 0.10496496934700611 0.10719825383717137 0.06131683829687166 0.0625054195456575 0.06366712935381748 1.3237295449480797e-05 0.000527067482188853 0.0003422212550609393 0.0 0.0 0.0
0.0038107813617568975 0.003851573701281638 0.0038946876620918587 0.1061170891573346 0.1086095802787736 0.11113512808013468 0.06681089231510814 0.06829409606678928 0.06975986147556296 1.4439546761896284e-05 0.0005632279160572459 0.000381465798295852 0.0 0.0 0.0
0.003973872024279746 0.004016996785840841 0.004063224164318782 0.10897237600992465 0.11173174661048896 0.11454656593608914 0.07194477388306174 0.07374489827367955 0.07554091645742156 1.5472410502508468e-05 0.0005996604830229322 0.00042161814586074515 0.0 0.0 0.0
0.004094523361569439 0.004137835540871518 0.0041850806536446105 0.11141174721787395 0.11443384205408304 0.11753689229076977 0.07680001802774893 0.07894127829975747 0.08109637047431924 1.633155436043565e-05 0.0006366846134897468 0.0004630954472458288 0.0 0.0 0.0
0.0041756739344370655 0.0042166443101366215 0.004262370524926357 0.11349995812952648 0.11678087727372151 0.12017139443951767 0.08144912121412234 0.08395754571355185 0.08650333520220525 1.7026548639905665e-05 0.0006746591780476703 0.0005062598173772618 0.0 0.0 0.0
0.004221049248244575 0.004256792404580888 0.004298020111744728 0.1152749539973141 0.11880945245880137 0.1224849941991129 0.08593926759463633 0.08884137468392352 0.09181101875669731 1.7581658069195748e-05 0.0007139850775481548 0.0005514486370835121 0.0 0.0 0.0
0.004235574413748116 0.004262930542514347 0.004296287062587613 0.11675568909300642 0.12053570131499801 0.12449028009612681 0.09028658348476276 0.0936072662097829 0.09703312983593314 1.8036435913205477e-05 0.0007551025575928905 0.000598996160101791 0.0 0.0 0.0
0.004225848367908585 0.004241557186624033 0.004263426349584532 0.11794877272835236 0.1219622637596808 0.12618484354613774 0.09447814854797817 0.09823828156528508 0.10214910397684913 1.8446288154361116e-05 0.000798483280737684 0.0006492445960863148 0.0 0.0 0.0
0.004200550015743502 0.004201556319787955 0.004208382297525873 0.11885405963886075 0.12308432307254297 0.12755785751562443 0.09847865432720516 0.10269287879885987 0.10711097444836386 1.888264938490627e-05 0.0008446168847456119 0.0007025460352138286 0.0 0.0 0.0
0.004170654455188033 0.00415457764770439 0.004143378686200255 0.119469270837632 0.12389472384480599 0.12859582357218288 0.10223895163794085 0.10691395286109276 0.11185286329501394 1.943183930804937e-05 0.00089399270590201 0.0007592577762946951 0.0 0.0 0.0
0.004149309497069679 0.004115077504317533 0.0040841997605184375 0.11979370199611991 0.12438817257466121 0.12928741309115022 0.10570449311102514 0.11083793200411265 0.11630078128605205 2.0191331921850865e-05 0.0009470783774094427 0.0008197336518546649 0.0 0.0 0.0
0.004151193357279429 0.00409976269209258 0.004049814837595987 0.11983105965537533 0.12456452074659688 0.12962734408018348 0.10882252046201783 0.1144026571602968 0.12038131742907203 2.1262626948307787e-05 0.0010042976503764575 0.0008843134550292189 0.0 0.0 0.0
0.004191220638106919 0.004126178529194066 0.004060909141651629 0.11959146109839237 0.12443113871784817 0.12961926074151475 0.11154753228918637 0.11755350074430904 0.12402856971262739 2.2741554860460917e-05 0.0010660099138138025 0.0009533119662948577 0.0 0.0 0.0
0.004282675057550675 0.004210417174142212 0.00413710300974584 0.11909263719441061 0.12400440221799326 0.1292776103848299 0.11384501168221045 0.12024766160409824 0.1271891890784983 2.47089504831782e-05 0.001132493568314362 0.0010270085530841649 0.0 0.0 0.0
0.004435207256190101 0.004364449632055464 0.0042933844660678275 0.1183603844437219 0.1233103269349859 0.12862853571529131 0.11569361705342047 0.12245682068696438 0.12982568480709533 2.722527123820042e-05 0.0012039347820026174 0.0011056379386652666 0.0 0.0 0.0
0.004653402771792546 0.004594085449900002 0.004537176588800881 0.11742832022304026 0.12238439838113639 0.12770981797290284 0.11708611257893951 0.12416842703933671 0.13191824056959858 3.0330811850564544e-05 0.0012804224116141655 0.0011893825026723494 0.0 0.0 0.0
0.004936479224371342 0.004898457817362426 0.004867489710644886 0.11633700372679485 0.12127065489845412 0.12656992008150977 0.11802930438623489 0.12538587797276976 0.1334652917535286 3.4050205286459714e-05 0.0013619491816873218 0.0012783663495733915 0.0 0.0 0.0
0.0052791258953163896 0.00527111820611837 0.005276382826382202 0.11513249614670593 0.12002009454380945 0.12526619422311194 0.11854320433590437 0.12612781353204647 0.1344830731228731 3.839838541923573e-05 0.0014484187042340662 0.0013726513240968417 0.0 0.0 0.0
0.00567298817887658 0.005702009692535445 0.00575163254072745 0.11386444993988755 0.1186884961073946 0.12386234212292963 0.11865959407047853 0.12642669559304115 0.13500429628132335 4.338571792009837e-05 0.001539657639015657 0.0014722351322997498 0.0 0.0 0.0
0.006108191639150521 0.006179431331849267 0.006279285444268352 0.11258384075810277 0.11733377452525796 0.12242525544721722 0.11842012240587728 0.12632680218815326 0.1350760771803382 4.9021358171048474e-05 0.0016354322209538794 0.0015770517218948444 0.0 0.0 0.0
0.006574530959998608 0.006691489765378847 0.006845422625465448 0.11134048668778451 0.11601303258664564 0.12102142133162277 0.11787404475299647 0.12588174483863682 0.13475721367545979 5.5314908308666866e-05 0.0017354684529190263 0.001686974073127588 0.0 0.0 0.0
0.007062232923668315 0.007226963955398745 0.007437117737953408 0.11018053403607213 0.11477952016715014 0.11971315035034304 0.11707570497784606 0.12515161261116142 0.1341149153783067 6.227684308123137e-05 0.0018394754019412428 0.0018018195457659703 0.0 0.0 0.0
0.007562367547671096 0.00777572484910393 0.008042840756439948 0.10914411855841913 0.11367975859038887 0.11855495717029786 0.11608186623731968 0.12419986030406165 0.1332211132245769 6.991818070270436e-05 0.0019471711757483169 0.0019213579160597435 0.0 0.0 0.0
0.008067024526642368 0.008328883429413994 0.00865255791713626 0.10826342367583383 0.11275111442109531 0.11759047341838551 0.11494901422152058 0.12309008614244725 0.1321485215782576 7.824974537383472e-05 0.0020583112435949603 0.002045322218546191 0.0 0.0 0.0
0.008569353255953028 0.008878795938323086 0.009257691502796582 0.10756134050672182 0.11202009552553785 0.11685026911889446 0.11373077820131713 0.12188288013153471 0.1309666840328347 8.728123657629436e-05 0.002172718768338636 0.0021734224797241015 0.0 0.0 0.0
0.009063531197955063 0.00941900258917492 0.009851025181483807 0.10705088108068372 0.11150157998962232 0.11635088195158405 0.11247563447608802 0.12063295773581387 0.12973829203843304 9.702022694945011e-05 0.002290316517581355 0.0023053623910185487 0.0 0.0 0.0
0.009544697593627102 0.009944138657174383 0.010426592389023185 0.10673540862358985 0.1111990768071537 0.11609520186800652 0.11122506389590169 0.1193868118190481 0.1285161040543122 0.0001074711547401199 0.0024111597121720453 0.0024408589124917186 0.0 0.0 0.0
0.010008871612587388 0.010449835276256335 0.010979560711284395 0.10660964183998956 0.11110597503567439 0.11607415922846857 0.11001232114268726 0.11818110543827419 0.12734079102168755 0.00011863434710631357 0.002535468850405804 0.002579664719884045 0.0 0.0 0.0
0.010452864067468754 0.010932616579138865 0.011506114727284095 0.10666128645991338 0.11120759728328812 0.11626946553325956 0.10886193279366044 0.11704197988486505 0.1262399756095757 0.00013050509646773164 0.002663661126631989 0.0027215932974867896 0.0 0.0 0.0
0.01087418693910519 0.011389795355632676 0.012003336464677373 0.10687307010812097 0.1114837672656543 0.11665700728602192 0.10778997456581822 0.11598536597027861 0.12522861534634197 0.00014307280649711947 0.002796378571997497 0.0028665463284866578 0.0 0.0 0.0
0.01127096294914021 0.011819368132002225 0.012469082612665414 0.10722492093215354 0.1119115517414141 0.11721042757760324 0.10680509392384575 0.1150182730676117 0.12431071911466558 0.00015632022300725358 0.0029345105380043854 0.0030145428330862175 0.0 0.0 0.0
0.011641836865599577 0.012219910761039414 0.012901858952129294 0.1076960389899138 0.11246784807879844 0.11790444993532191 0.10591015694610684 0.11414091044660596 0.12348221382896833 0.00017022276561040974 0.003079207711445248 0.0031657492451198136 0.0 0.0 0.0
0.01198589031790973 0.012590476339017517 0.013300694134036927 0.10826665334964933 0.11313154726181668 0.11871758370763946 0.10510432439725331 0.11334939267346847 0.1227346297560815 0.00018474797746158116 0.003231884620991537 0.003320509297573586 0.0 0.0 0.0
0.012302562181316893 0.012930498057143129 0.013665016492958322 0.10891932228188543 0.11388508724917927 0.11963396807214854 0.1043853144068267 0.1126387139591562 0.12205917675099434 0.0001998551121335064 0.0033942077257336153 0.0034793722140641407 0.0 0.0 0.0
0.012591576827313447 0.013239700207802296 0.013994538779021784 0.10963970386428046 0.11471530293841668 0.12064423458419636 0.10375159393716131 0.1120056532144803 0.12145074976134156 0.00021549487853889113 0.00356806681039152 0.0036431173009600307 0.0 0.0 0.0
0.01285288260550212 0.013518020876841052 0.01428915639399784 0.11041678883283568 0.11561356263703201 0.12174537914385959 0.10320425657189945 0.11145128863424984 0.12091142223558086 0.00023160936681025166 0.0037555286320271834 0.0038127726502444736 0.0 0.0 0.0
0.013086602771323542 0.013765549809030268 0.014548864856574431 0.11124264080142693 0.11657525042292302 0.12293972766034922 0.10274838309796169 0.1109828470815981 0.12045304215812823 0.0002481321802444166 0.003958773519326759 0.003989625370345765 0.0 0.0 0.0
0.01329300069526679 0.013982484529386063 0.014773701785289391 0.11211172930896106 0.11759870788541193 0.12423315629867886 0.10239373567444483 0.11061467777268363 0.12009861987384599 0.0002649888009183026 0.004180017691192767 0.0041752206605538715 0.0 0.0 0.0
0.013472460604744869 0.014169107070702397 0.014963717718140075 0.11301996894018385 0.11868378835921603 0.12563278855497212 0.10215469994325864 0.1103682146738804 0.11988228222820718 0.00028209721948654545 0.004421426043513511 0.0043713472474419144 0.0 0.0 0.0
0.01362548436274222 0.014325782660619452 0.015118978682091238 0.1139635938593952 0.11983020238048661 0.12714443603232198 0.10204945938761492 0.1102708769117654 0.11984766965323981 0.00029936886306307933 0.004685021583454748 0.004580007309581513 0.0 0.0 0.0
0.013752703932655602 0.014452980543106994 0.015239601720981237 0.11493800197334329 0.1210358438297492 0.12877007241047742 0.10209846175451263 0.11035395478711901 0.12004478655377415 0.0003167098590146935 0.004972598180819503 0.004803370078821053 0.0 0.0 0.0
0.01385490827484781 0.014551315840254165 0.015325822742788684 0.11593669672765015 0.12229528040159807 0.13050562396039614 0.1023223165506893 0.11064964257593328 0.12052549330368198 0.0003340226769391486 0.005285642701771015 0.005043709776868057 0.0 0.0 0.0
0.013933082520660847 0.01462161008390975 0.015378094201584168 0.11695043761450422 0.12359856868707163 0.13233932087168004 0.10273933923174645 0.11118750161312146 0.1213380448532616 0.00035120819594231873 0.005625271046695574 0.005303330255936987 0.0 0.0 0.0
0.013988456415529534 0.014664966824971426 0.015397208388274863 0.11796668416115812 0.12493051461567901 0.13425078384571376 0.10336301945770744 0.11199074845363308 0.122521299503942 0.0003681682492708416 0.005992180544125716 0.005584480377296918 0.0 0.0 0.0
0.014022558240608957 0.014682857591503461 0.015384440500860292 0.11896938517878385 0.12627044876059304 0.13621092987604705 0.10419972133290961 0.11307283213231126 0.12409937418039801 0.00038480870281339124 0.006386619072116856 0.005889265439467533 0.0 0.0 0.0
0.014037269723499862 0.01467721241199821 0.015341704147832274 0.11993912930058949 0.12759253022572284 0.1381826857024122 0.10524690832402128 0.11443475996867902 0.12607753457161072 0.0004010431269093821 0.0068083696263815064 0.006219560557940939 0.0 0.0 0.0
0.014034876836469737 0.0146505081161234 0.01527171037020532 0.12085363878581357 0.12886654072512704 0.1401224139962474 0.10649211949574963 0.1160635370292749 0.12843993873616763 0.00041679712054044606 0.0072567480734734196 0.006576931647217458 0.0 0.0 0.0
0.014018110861784932 0.01460584663253863 0.015178119445362404 0.12168856024886357 0.13005908917965725 0.1419818987489871 0.10791281653274484 0.11793191324080413 0.13114952848591174 0.00043201334050561597 0.007730611541301152 0.006962568621077439 0.0 0.0 0.0
0.01399017370645127 0.014547014505428082 0.0150656724420319 0.12241848613809721 0.1311351210306802 0.14371070805748984 0.10947709610437707 0.11999942601237375 0.1341499787042606 0.00044665727125905346 0.008228375171640868 0.007377233864236092 0.0 0.0 0.0
0.013954741242880693 0.0144785139021178 0.014940286596103525 0.12301813043178401 0.1320596163275318 0.14525875237307748 0.11114514852763092 0.12221453969335008 0.13736928960188938 0.0004607237373612803 0.008748035583347885 0.00782122730613017 0.0 0.0 0.0
0.01391593856983657 0.014405554665702121 0.014809095184502172 0.1234635804308361 0.13279936421507785 0.14657887678705128 0.1128712652299903 0.12451756062028 0.140724426162043 0.00047424410116966566 0.009287200171930613 0.008294367906359859 0.0 0.0 0.0
0.013878281732829015 0.014333996847000305 0.01468040928718687 0.12373355175826911 0.13332471455374653 0.14762935749516085 0.11460616491709665 0.12684396553152705 0.14412639108239433 0.00048729399227708393 0.00984312215472394 0.008795990293786566 0.0 0.0 0.0
0.013846581875154076 0.014270234210643306 0.01456357700252562 0.1238105831792351 0.13361122532298642 0.1483762064101793 0.11629941789562338 0.12912781119783717 0.14748522140067205 0.0005000012698502663 0.010412741978190844 0.00932495478642077 0.0 0.0 0.0
0.013825810271659219 0.01422101219233631 0.01446871759959073 0.12368211909948579 0.13364114298744165 0.14879521749427552 0.11790178622042757 0.13130496658919943 0.15071455839040973 0.000512553714084931 0.010992736305178647 0.009879669016665473 0.0 0.0 0.0
0.013820926382973848 0.014193179395162545 0.014406316712669948 0.1233414384800121 0.1334046690274503 0.14887370989683327 0.11936734796658331 0.13331599570020852 0.1537355970924242 0.0005252056772776385 0.011579576300134516 0.010458119768336853 0.0 0.0 0.0
0.013836675857737535 0.014193380249331292 0.014386686601825986 0.12278839794142384 0.1329009774314081 0.14861193465415073 0.12065532351563488 0.13510859704279188 0.15648034247062953 0.0005382826182088677 0.012169597350605453 0.011057914242098397 0.0 0.0 0.0
0.013877370798486152 0.01422770731552159 0.014419322922976813 0.12202996319135449 0.13213895422399694 0.14802411313508437 0.12173156217622157 0.13663956362696844 0.15889417413462956 0.0005521821517846131 0.012759082727090951 0.011676330665095228 0.0 0.0 0.0
0.013946669622301431 0.014301342986691872 0.014512221823575018 0.12108050634568705 0.13113763096247477 0.14713906699239418 0.12256967578471942 0.1378762630164304 0.16093775642330493 0.0005673700750988603 0.013344364005337225 0.012310378848100715 0.0 0.0 0.0
0.014047377182566387 0.014418228924459063 0.014671248323413863 0.11996184751048074 0.12992628013963853 0.14600038218154038 0.12315182279295893 0.13879765415513198 0.16258833675417 0.0005843699340354515 0.013921941353372774 0.012956871910133805 0.0 0.0 0.0
0.014181286192614622 0.014580803981687181 0.014899655856957465 0.11870301795555602 0.12854413289926755 0.1446660259049833 0.12346915419883392 0.13939486145225827 0.16384046373795635 0.000603745231855157 0.014488626992120049 0.013612510908565025 0.0 0.0 0.0
0.014349077666205863 0.01478984529590853 0.015197838507225555 0.11733972076211684 0.12703967077602743 0.14320730972709744 0.12352193445547503 0.13967132230400525 0.16470613637280307 0.0006260744339105187 0.015041715207892374 0.014273984521302763 0.0 0.0 0.0
0.014550291302800054 0.01504443299250258 0.015563353789997856 0.11591346511933344 0.12546943724737786 0.14170707309089953 0.12331934893693511 0.1396425161257466 0.1652143729266516 0.0006519203778431864 0.015579182108164055 0.014938086217441776 0.0 0.0 0.0
0.014783367808219988 0.015342039851924182 0.015991199076668645 0.11447035542576088 0.12389631762612703 0.14025696282769515 0.12287900694593787 0.13933527449641897 0.16541016779180812 0.0006817971836107475 0.01609991767335084 0.015601851502129345 0.0 0.0 0.0
0.015045756060306167 0.015678728589992124 0.016474278474320113 0.11305952956449541 0.1223872549514856 0.1389537246800319 0.12222614756019003 0.13878666614956447 0.16535279155463367 0.0007161387205962709 0.016603991269626025 0.016262717783562624 0.0 0.0 0.0
0.015334070805521469 0.016049425968806427 0.01700397356466858 0.11173126560191997 0.12101041319177892 0.13789452167008048 0.12139255655537444 0.13804245024476938 0.1651133896958305 0.0007552726537206377 0.01709294922888304 0.016918709100546974 0.0 0.0 0.0
0.015644282518437237 0.016448237413684823 0.01757073347064269 0.1105348146269504 0.11983187244442772 0.13717146105371594 0.12041520782640058 0.1371550997882628 0.16477185587048618 0.0007994029560417168 0.017570138823209288 0.01756864723354313 0.0 0.0 0.0
0.015971920456490443 0.01686876785985245 0.018164619639902756 0.10951606786966714 0.11891204090650913 0.13686573169686383 0.11933465357232947 0.13618141736957312 0.1644130037780124 0.0008486019311140794 0.01804104634273253 0.01821238940574461 0.0 0.0 0.0
0.016312272165383574 0.017304421764813567 0.01877576710057096 0.10871522144050047 0.11830207869090859 0.13704197517507488 0.11819320491676559 0.1351797997329101 0.16412214137477316 0.0009028109209687839 0.018513627508075576 0.01885109060448414 0.0 0.0 0.0
0.016660566602510835 0.017748664496651124 0.01939474759278547 0.10816464868080244 0.11804071770700093 0.1377436521402165 0.11703296841343126 0.13420725579729229 0.16398025909857572 0.0009618475965191711 0.01899859605982747 0.0194874852081114 0.0 0.0 0.0
0.017012132478770696 0.018195236095853058 0.020012836472506363 0.10788721104317403 0.11815189067888038 0.13899013445685696 0.1158938320405803 0.1333163398862435 0.1640591640093076 0.0010254172935324388 0.019509622101286424 0.020126177780314183 0.0 0.0 0.0
0.017362527491447583 0.018638315264736905 0.02062219424154366 0.10789521846032245 0.11864352055388663 0.1407760163281004 0.11481152247076648 0.13255221774888862 0.16441699463195006 0.001093126148302218 0.02006337855060625 0.020773926395571653 0.0 0.0 0.0
0.01770763735068979 0.019072635964073336 0.021215976752843185 0.10819018379938371 0.11950766661170673 0.1430727439491765 0.11381587698693983 0.1319501219863316 0.165094598797156 0.001164494479675083 0.020679367320313974 0.021439893802041345 0.0 0.0 0.0
0.018043745759459464 0.019493561468932767 0.02178838784402737 0.10876341276595737 0.12072201007178218 0.14583223921377597 0.11292948062018292 0.1315334587803294 0.1661132161430035 0.0012389696371997662 0.021379464170725646 0.02213583283877947 0.0 0.0 0.0
0.018367577891399756 0.019897121720092736 0.022334686241140274 0.10959735408766647 0.12225245079070869 0.1489918795382195 0.11216680524136702 0.1313127872296769 0.16747376789645424 0.0013159381854212844 0.02218714990168972 0.02287616448371526 0.0 0.0 0.0
0.018676320627601908 0.020280019883046146 0.022851156272093043 0.11066753430264462 0.12405643812529843 0.15248007723041399 0.11153394973117774 0.131285805559346 0.1691578423807477 0.0013947377485320205 0.02312644785460364 0.023677902572570114 0.0 0.0 0.0
0.01896762308093588 0.02063961365325653 0.023335049884198215 0.11194484051622679 0.12608660643982772 0.15622177379264313 0.1110290223771846 0.13143835924635744 0.17113022796589714 0.0014746691122743422 0.024220655131401207 0.02456038241308757 0.0 0.0 0.0
0.01923958093935198 0.020973876329042546 0.023784505927627105 0.11339790225714567 0.1282943248667622 0.1601433564227402 0.11064313795187995 0.1317463607369861 0.17334264767738497 0.0015550093234880157 0.02549101669457833 0.025544764980190003 0.0 0.0 0.0
0.019490708028335833 0.02128134218170266 0.02419845167469073 0.11499535373198641 0.1306328697494217 0.16417672778595307 0.11036193594512841 0.13217840774411516 0.17573823710063458 0.0016350265978352576 0.026955521266588463 0.026653315846395284 0.0 0.0 0.0
0.01971989830734404 0.02156104025630788 0.024576491010409467 0.11670781399598924 0.1330600464073846 0.1682624505236297 0.11016747610476332 0.1326988281647702 0.17825629307419333 0.0017139978862605418 0.02862797823544898 0.02790849581819099 0.0 0.0 0.0
0.019926381314717315 0.02181242044233313 0.02491878352656115 0.11850948647328688 0.13554019259317512 0.17235201599943445 0.11004034106421735 0.13327087096047685 0.18083688695796937 0.0017912299870550576 0.030517469664287714 0.02933194007426531 0.0 0.0 0.0
0.02010967387136684 0.022035275431941958 0.025225918745078353 0.12037933672407683 0.13804557282237404 0.17640935281982964 0.10996177483825768 0.13385979586554683 0.1834250473092429 0.00186608513311507 0.03262818643103256 0.03094343199013612 0.0 0.0 0.0
0.020269530640013994 0.022229661990491475 0.025498789761389272 0.12230185093008464 0.14055721808656116 0.18041170995321368 0.1099157054825954 0.13443567353922595 0.18597433604639516 0.001938012027488212 0.034959584856832815 0.03275998517578721 0.0 0.0 0.0
0.02040589590111852 0.0223958247516678 0.025738470624597276 0.12426740583077245 0.14306528504407526 0.1843500400360132 0.10989053170495308 0.13497577319995555 0.18844974355065366 0.002006583321046075 0.03750676154441058 0.034795127930768235 0.0 0.0 0.0
0.02051885863533386 0.022534125477940144 0.025946101671006597 0.12627229616819585 0.1455690112681429 0.18822898561183943 0.10988058769877761 0.13546647238505788 0.19082989931385788 0.0020715404762527982 0.040260942341743086 0.03705844402426813 0.0 0.0 0.0
0.02060861268593307 0.02264498036750846 0.02612278673828587 0.1283184719854777 0.14807633658793984 0.19206654451947958 0.10988723100692556 0.13590466520004868 0.1931086345275596 0.002132846757179505 0.0432100048110934 0.03955537611323099 0.0 0.0 0.0
0.02067542341050579 0.022728807529268404 0.026269505677911097 0.13041303918683092 0.15060325102375569 0.19589346607225186 0.10991952111292978 0.13629866920295847 0.19529594677078146 0.002190748594291261 0.04633898657747253 0.04228725817020302 0.0 0.0 0.0
0.020719601824933466 0.022785986192857294 0.026387044855907385 0.13256757552345336 0.15317292111915287 0.19975240988611845 0.10999447128388361 0.13666863912747185 0.19741841247687852 0.0022458445947750164 0.04963056243467329 0.04525152057848222 0.0 0.0 0.0
0.020741486807898914 0.022816828593953436 0.02647594742337774 0.1347973124085154 0.15581464060972092 0.20369688553684817 0.1101368651843045 0.13704649269304608 0.19951907799345703 0.002299159743385325 0.053065495382113276 0.04844200758283646 0.0 0.0 0.0
0.020741435491570176 0.02282156481290077 0.026536484117409675 0.1371202314448291 0.15856264898891062 0.20778998429620643 0.11037863695437605 0.1374753457983958 0.20165684188684696 0.002352219585261943 0.0566230801619507 0.051849356811574474 0.0 0.0 0.0
0.020719821538984592 0.022800340194799318 0.02656864431185078 0.13955612324180336 0.16145486231493483 0.2121029143076099 0.11075782362959012 0.13800844819169264 0.20390532612161374 0.0024071152451358674 0.06028160424182735 0.055461407498687526 0.0 0.0 0.0
0.020677040628319238 0.02275322439369429 0.026572146080992003 0.14212565447274603 0.16453156351181675 0.21671335759544585 0.1113171165026133 0.13870761332248704 0.20635122793886623 0.002466545281378375 0.0640188530246238 0.05926362167845166 0.0 0.0 0.0
0.020613522154999064 0.022680230613226986 0.0265464632717849 0.1448494864344593 0.16783410290370945 0.22170368041012506 0.11210206609297979 0.139641154067152 0.20909215323543476 0.002533815736585915 0.0678126854124058 0.0632395172980086 0.0 0.0 0.0
0.020529745947006565 0.022581343305070875 0.026490867093847705 0.14774748392864012 0.171403661956696 0.22715904563861083 0.11315903320049833 0.14088137369488474 0.21223396009044135 0.0026127777503453064 0.0716417040045433 0.06737112256338229 0.0 0.0 0.0
0.020426262683441783 0.02245655246752243 0.02640447960144824 0.15083804667824513 0.17528013239252546 0.23316549411160037 0.1145330207091415 0.14250171821372817 0.21588768849507545 0.0027076862539673224 0.07548604175018006 0.07163946711032934 0.0 0.0 0.0
0.0203037167206026 0.022305892779265053 0.02628633670234298 0.154137586735558 0.17950115760628385 0.2398080763134518 0.11626555715174411 0.14457376392832305 0.2201662143695831 0.0028229765783249518 0.07932828380421877 0.07602512865099047 0.0 0.0 0.0
0.020162870164795715 0.022129486113255332 0.02613545900400587 0.15766016490531784 0.18410137306903998 0.2471691226737816 0.11839282062393669 0.14716427605998292 0.2251808306206651 0.0029629776650776296 0.08315453919159158 0.08050885453165635 0.0 0.0 0.0
0.020004627280009752 0.021927586496147577 0.025950929898098832 0.1614172879407877 0.18911186754391557 0.2553267356542316 0.12094417937326461 0.15033260872211276 0.23103800739306882 0.003131604033945698 0.08695567079928435 0.08507227684248897 0.0 0.0 0.0
0.01983005866702575 0.021700627292740544 0.025731981777638618 0.16541785720278873 0.19455986890520463 0.26435356881670335 0.12394127942360772 0.1541287038269989 0.23783659856234515 0.003332081892583641 0.09072868293373365 0.08969873769401757 0.0 0.0 0.0
0.019640425077006522 0.021449271277715568 0.0254780931651525 0.16966824958587595 0.2004686392545798 0.2743159285650901 0.12739773664076032 0.15859187897767776 0.24566572862655167 0.0035667583525573875 0.09447825158574567 0.09437423801311211 0.0 0.0 0.0
0.019437201198638485 0.021174465277209984 0.02518910179718954 0.17417250354739539 0.2068575462408947 0.28527319781265165 0.13131940688297858 0.16375048266957293 0.25460351308098444 0.003837017802340001 0.09821836177860165 0.09908851838799883 0.0 0.0 0.0
0.01922210024794037 0.02087750218185507 0.02486534136162815 0.1789325773960041 0.21374226309720737 0.29727754382930294 0.13570513326231626 0.1696223662083939 0.26471665107248543 0.004143298431283318 0.10197398718341107 0.10383627349975463 0.0 0.0 0.0
0.01899710065027959 0.020560094300361535 0.0245078126183595 0.18394864361774954 0.2211350403420922 0.31037384155997116 0.14054782029268845 0.17621600885042374 0.27606080777630493 0.004485179392994546 0.10578270865077752 0.10861849167297333 0.0 0.0 0.0
0.018764476481656467 0.0202244631653587 0.024118403015338543 0.18921938169954716 0.22904498799675024 0.32459972395128966 0.14583566792123545 0.18353206188894242 0.2886816034593539 0.004861502327750426 0.10969612162295597 0.1134438970686461 0.0 0.0 0.0
0.018526833565773452 0.019873451904805575 0.02370017249369858 0.19474223233527066 0.23747830851718246 0.33998566503011435 0.15155341121981558 0.1915650587252131 0.30261596644679933 0.005270497348121209 0.11378083267936681 0.11833045306464703 0.0 0.0 0.0
0.018287153125209652 0.019510666958183837 0.02325772654131352 0.2005135778581442 0.2464384270087569 0.3565550098359929 0.1576834440999716 0.2003050646071153 0.3178935944287617 0.005709895724240404 0.11811880371835422 0.12330686082493442 0.0 0.0 0.0
0.018048844563344487 0.01914065591754832 0.022797699718927106 0.20652881727391856 0.25592597616717216 0.3743238860449979 0.1642067460273016 0.2097390945340014 0.3345382960403677 0.006177022964263694 0.12280678621499407 0.1284139572688407 0.0 0.0 0.0
0.017815808196712347 0.01876912706331258 0.022329371771362863 0.2127823097294073 0.26593860840335565 0.39330096242534485 0.17110356951895786 0.21985219178717014 0.35256903807788964 0.006668873785411206 0.12795461989142323 0.13370588364592084 0.0 0.0 0.0
0.017592507443808917 0.01840321287949524 0.021865430077328614 0.21926716829804554 0.2764706266192025 0.4134870561765745 0.178353877251655 0.2306281180826148 0.37200058747321174 0.007182174461400737 0.13368226949601894 0.13925086433901293 0.0 0.0 0.0
0.017384047992650607 0.01805177320753014 0.021422869744858748 0.22597489745966332 0.2875124481527851 0.43487463220253414 0.18593753881490188 0.2420496517703669 0.39284369903466526 0.007713439340618076 0.14011564446704428 0.14513141326442483 0.0 0.0 0.0
0.017196258749057832 0.01772572210650864 0.021023975975067853 0.23289488350577206 0.2990499436120483 0.45744728061621137 0.19383430927916262 0.25409852128749 0.4151048530343542 0.0082590282120856 0.14738146509430272 0.15144378323771102 0.0 0.0 0.0
0.017035765960606096 0.01743834434765501 0.02069725110891528 0.24001376809123953 0.3110637236829623 0.48117930309883133 0.2020236171228863 0.26675501962974424 0.4387855888759298 0.008815210560177929 0.1556016495041575 0.1582965038773257 0.0 0.0 0.0
0.016910048091574204 0.017205542393119135 0.02047802767644696 0.24731476175068465 0.3235284823548237 0.5060355834695218 0.21048419049599024 0.27999735607012877 0.4638815134647981 0.009378242101641558 0.16488782553358175 0.16580792473475783 0.0 0.0 0.0
0.016827455425325148 0.017045925804592642 0.020408374192044217 0.2547769864496801 0.33641254394458087 0.5319719625881165 0.21919355096815837 0.2938008079522715 0.4903810882072158 0.00994445855431105 0.17533656306114234 0.17410279188410885 0.0 0.0 0.0
0.016797176097183626 0.01698063216682935 0.020535835231753785 0.2623749737243577 0.3496778032133045 0.5589363821757956 0.2281274050298655 0.30813674158276716 0.5182643196726074 0.010510391382298758 0.18702576694694145 0.18330802331150717 0.0 0.0 0.0
0.016829130869942217 0.01703277057366462 0.020910695211607322 0.27007848682622637 0.36328029197158224 0.5868711056685151 0.23725896730620896 0.32297157940366583 0.5475014981699913 0.011072910229357746 0.20001241813010054 0.19354798134785428 0.0 0.0 0.0
0.016933784151643386 0.01722642921701319 0.021581932709291294 0.27785288033513983 0.377171650849289 0.6157163653866458 0.24655825671916937 0.33826580200539874 0.5780521471985101 0.011629396748080442 0.21433158555423193 0.2049396316910872 0.0 0.0 0.0
0.017121869622698772 0.01758530053890302 0.022592732984713374 0.28566025741659057 0.3913018297802107 0.6454158210597299 0.25599141809975695 0.35397308843077224 0.6098643653354612 0.012177954336710869 0.22999643310265017 0.21758799740261373 0.0 0.0 0.0
0.017404044829434997 0.018131128371511145 0.023976912548189486 0.2934617312379999 0.40562338230166506 0.6759242391564091 0.26552013683208914 0.3700397161096684 0.6428747601093692 0.012717657581636066 0.24699885386832457 0.231582252975893 0.0 0.0 0.0
0.017790507106146474 0.018882302578320142 0.025757397161156787 0.3012211397466371 0.4200977512509367 0.7072178049293889 0.27510123228370514 0.3864043615004763 0.6770091894310818 0.013248843502772775 0.2653103747404118 0.24699267610793366 0.0 0.0 0.0
0.018290617687405815 0.01985293381322835 0.027947003118488394 0.3089105959813093 0.4347039558641919 0.7393074420096023 0.2846865358263719 0.4029984624400078 0.7121845381070194 0.013773443366441561 0.2848830552747912 0.2638685220358562 0.0 0.0 0.0
0.018912585746737556 0.021052602881022536 0.03055082282840433 0.3165182676505181 0.44945006287098355 0.7722554107377136 0.29422317955493277 0.41974732123896535 0.7483117619285393 0.014295348055197464 0.30565021835477724 0.2822367507307817 0.0 0.0 0.0
0.019663255687567216 0.0224867591679499 0.03356912273219977 0.32405874806222784 0.46438772388726124 0.8061952480457766 0.303654440425296 0.4365721412185597 0.7853004260397182 0.014820790905357921 0.3275269682409554 0.3021014524429751 0.0 0.0 0.0
0.020548020655855113 0.02415755778042944 0.036999882564453086 0.33158626759144666 0.47962983769299566 0.8413547505543111 0.3129212992672893 0.4533931956907009 0.823064942956933 0.015358718953279428 0.35041056054009034 0.3234437933337252 0.0 0.0 0.0
