0.045288879437790266 0.04530856460498702 0.045330391066570615 1.191209605264318 1.191774897769189 1.1915372450451067 0.5994600934201781 0.5995503125819449 0.5996203591808148 2.8449261726222988e-05 0.00683717515637412 0.0007046690034914885 0.0 0.0 0.0
0.025009117143890137 0.025062780937418885 0.025115380319612007 0.9594244370357383 0.9670204426670762 0.9738753101162995 0.3735404498968264 0.37409227612435786 0.3744172983277725 6.676301390389808e-05 0.004553946460617206 0.0017009103461029854 0.0 0.0 0.0
0.024025209074434638 0.024162669519323873 0.024294004257449524 0.7829446435073271 0.7951046546824799 0.8067451558637095 0.372310175374573 0.37462695879416047 0.3765125465792472 8.335426001504758e-05 0.0032673376972056126 0.0021238203920491356 0.0 0.0 0.0
0.025287991890477125 0.025522543308030818 0.025752123020954424 0.6514800180122343 0.6664049995687802 0.6810473998852853 0.4176926334436197 0.42234629405985946 0.4265303207995414 9.022265191156427e-05 0.002589525369065331 0.0022592619421006564 0.0 0.0 0.0
0.02517177345404428 0.02549369617847222 0.025815094975084243 0.5570635291126179 0.5736338643313408 0.5901253162398276 0.4452851513377489 0.45235514230808177 0.45901612023738225 9.373883545659757e-05 0.0022509131535960467 0.0022808130473339077 0.0 0.0 0.0
0.02400546193549146 0.02439439781371918 0.024788266466818254 0.4920795697938128 0.5097774215934534 0.5275878239242631 0.45182170541197486 0.46119064264731274 0.4702551653877011 9.553695826423729e-05 0.002094300445088627 0.002276875838751469 0.0 0.0 0.0
0.022406072374581476 0.02284106068946508 0.02328668562445977 0.44895404582738296 0.4676797170940625 0.48674520513227787 0.4459691092741713 0.4574758612962172 0.4687925505278978 9.553295894114942e-05 0.002034365688544744 0.0022855683479538896 0.0 0.0 0.0
0.020759742087256408 0.021225302470447415 0.021707907710110823 0.4206918007275182 0.4405412347894926 0.4610294549455803 0.4364367338236831 0.4499886235954115 0.46346359644318735 9.367385010708103e-05 0.0020284202855337884 0.002317636065516457 0.0 0.0 0.0
0.019217125068346688 0.019704317923957652 0.02021667872112751 0.4015391061550076 0.4226237683192822 0.44472353954590416 0.4289828414851229 0.444596646812501 0.46025967117373406 9.037330859010162e-05 0.0020580345824655947 0.002371383739346964 0.0 0.0 0.0
0.017785300147543568 0.018289249579603768 0.018828910618439984 0.3872672399442569 0.40961592329385155 0.43341273822454723 0.42582833471650966 0.443601097010163 0.4615923897187806 8.643515564341948e-05 0.0021171621191667747 0.0024417738308898326 0.0 0.0 0.0
0.016428827571671616 0.016945629733112255 0.017510918003576795 0.3750427190263369 0.3985740903029792 0.42400919489547056 0.42635599462084894 0.4463975951279256 0.46689936266556736 8.288811479750597e-05 0.002205005753511106 0.0025248397990271696 0.0 0.0 0.0
0.015142935240868481 0.015668424070149317 0.016256203386671185 0.3631100760828255 0.38764544293466424 0.4145264381972093 0.4284598880496712 0.4508261682643618 0.4739811330334628 8.080666254513518e-05 0.00232221030394182 0.0026189699674084967 0.0 0.0 0.0
0.013989064358899014 0.014520338122509312 0.015126747668664928 0.3504790155355873 0.37577107787307207 0.4038054202233658 0.42979910510815017 0.4544492825470653 0.4802998801803628 8.109144524013374e-05 0.0024690926027042047 0.002724615767539087 0.0 0.0 0.0
0.013096803257443815 0.013636049706006226 0.014260016881924475 0.3366905679772939 0.3624556871262021 0.3912912220396881 0.4285339979943737 0.4553170390679146 0.48377720967723287 8.425008001038703e-05 0.0026450039717741767 0.002843473629371534 0.0 0.0 0.0
0.012631183018882663 0.01319018916743239 0.01383861858525558 0.32166324859030254 0.34761266354935577 0.37687869800882223 0.4235702757579471 0.4522340414904634 0.4830896294482285 9.031881581717972e-05 0.0028482790531408654 0.0029776765682210434 0.0 0.0 0.0
0.012723080314231562 0.013325413357424843 0.014017610465499744 0.30559608693077706 0.33146503170606517 0.3608119345831034 0.414521549724281 0.4447362243750786 0.47766503525893467 9.899525455305063e-05 0.0030764500196614896 0.0031292026687750195 0.0 0.0 0.0
0.013395825438032909 0.014073808747854681 0.014841336573963108 0.2889047109698628 0.31447928656520435 0.34361595523433974 0.4015686351534076 0.43295772506719366 0.4675615284770701 0.00010986356868532869 0.0033265373725048556 0.0032995339731460406 0.0 0.0 0.0
0.01455294792952156 0.015340588614891862 0.01622119887221885 0.27217173863842653 0.29731295495817495 0.32604111764619226 0.38531003255751506 0.41748468738233907 0.453328108336878 0.00012255871020644968 0.0035953177760392795 0.003489519693092015 0.0 0.0 0.0
0.016034097316422954 0.016960608673245697 0.017990251121447275 0.25609663222682927 0.28075983277007227 0.3090026737013135 0.3666379351416119 0.3992321197454872 0.4358853679195881 0.00013682889748201272 0.003879532612170612 0.00369937332339655 0.0 0.0 0.0
0.017677271815987657 0.01876379872848899 0.019971145660068825 0.24143209419873182 0.26567832343304953 0.2934986334269135 0.34664312768972516 0.37934797999932635 0.4164312731752658 0.00015253306956543398 0.004176039362058273 0.003928740281490621 0.0 0.0 0.0
0.019349129865595453 0.020608018460370015 0.02201219063345824 0.2288969305498742 0.2528913861985181 0.28049224455493416 0.32653780844186203 0.35913338917529564 0.39636071260002603 0.00016961416080338193 0.004481924623110863 0.004176793254996623 0.0 0.0 0.0
0.02095004683981502 0.022385299801256146 0.023995529805026467 0.21906455990951004 0.24305763709934033 0.2707587877552151 0.3075782529706227 0.3399599107957771 0.37717839562184174 0.00018807002330468694 0.004794599810752047 0.004442333675101153 0.0 0.0 0.0
0.022409532802936706 0.0240176887077883 0.02583387251820198 0.21224568904055197 0.23653607897441983 0.264724579254955 0.2909668057052345 0.32316182002645116 0.3603806662898339 0.0002079296710550929 0.005111895883402755 0.0047238930201373135 0.0 0.0 0.0
0.023680228362542355 0.025451401126170486 0.027465067078746973 0.2084053680905559 0.23329182581079583 0.26235601325763336 0.27771941869278277 0.30988830516547156 0.3472887743398347 0.00022923598975828919 0.005432166839881931 0.00501983573017098 0.0 0.0 0.0
0.02473294876477989 0.026651968559725653 0.02884751141043179 0.2071565710099558 0.23289080552809646 0.2631555266770052 0.26850854832631366 0.30092608777725544 0.33884406861320643 0.00025203380431551076 0.005754405666038362 0.005328468074393035 0.0 0.0 0.0
0.02555302420102853 0.027600676272504822 0.02995681729020685 0.20784049237487667 0.2345929671120034 0.26627325422295123 0.2635284500136855 0.2965437368438779 0.33542175988763934 0.00027636174548431873 0.006078371426213071 0.005648156741763193 0.0 0.0 0.0
0.02613762737106952 0.028291988224062453 0.03078344645074637 0.20965938636611542 0.23750313514383486 0.270683598527149 0.26245111240038616 0.2964330708166748 0.3367493658266661 0.00030224655088604093 0.0064047219997036145 0.005977459061175731 0.0 0.0 0.0
0.026493745070034897 0.028731604441146658 0.03133095752462948 0.2118095541361062 0.2407201420370295 0.2753570062068739 0.2645100580830975 0.29979089791410446 0.34198304926091977 0.00032969880771747327 0.006735143030118366 0.006315264596888425 0.0 0.0 0.0
0.026636526505941897 0.028934869032975295 0.03161456459930868 0.21357890917181643 0.24344554099215157 0.27938384356251594 0.2686792737034389 0.3055087594751407 0.34991092338590585 0.00035870951694566544 0.007072459660487133 0.006660945737603618 0.0 0.0 0.0
0.02658781478299189 0.02892531867855911 0.03165977334123164 0.2144015381750952 0.2450446669337752 0.2820439701339029 0.27386962803694614 0.3123876351285117 0.35919243113383303 0.00038924716634674574 0.007420713694045052 0.007014512760237902 0.0 0.0 0.0
0.02637472037996865 0.028733210470787068 0.031500901981574736 0.21387911980171687 0.24507153846551039 0.2828361131913206 0.2790797632023717 0.31930767044514874 0.3685536738777785 0.00042125522481713056 0.007785185697902312 0.007376766535026649 0.0 0.0 0.0
0.026028131534821895 0.028393899692101494 0.031179316452841416 0.21178297639423943 0.24327284500170368 0.2814844880374493 0.2834822992157119 0.3253293874915094 0.3769089700051518 0.00045465011701302895 0.00817234065694141 0.007749439436184483 0.0 0.0 0.0
0.02558108648567256 0.02794596484814101 0.030741227287882353 0.20804749250886914 0.23958266385727878 0.27793556905290073 0.28645780953562605 0.32973780581389545 0.3834188228060926 0.0004893198195875467 0.00858967890843272 0.008135312212002694 0.0 0.0 0.0
0.025066967737636083 0.027429014716226406 0.03023493416959972 0.20276128248101066 0.23411469679093946 0.2723522472911278 0.28759771230367986 0.3320515396552552 0.38750776352266997 0.0005251232555754268 0.009045482810772202 0.008538291931875995 0.0 0.0 0.0
0.024517529170531096 0.026881176863919925 0.029707491524607374 0.19615898113264238 0.22715488041856272 0.2651079582280421 0.28669294097250875 0.3320151149899695 0.38886220481394324 0.0005618906689427139 0.009548464155123434 0.008963434418217888 0.0 0.0 0.0
0.023960838286563445 0.02633637026827542 0.029200929017511024 0.18861383693961745 0.2191540452626177 0.2567793025463087 0.28371827034805586 0.32958547012905814 0.3874206687786831 0.0005994251515851423 0.010107335557285747 0.009416894877214215 0.0 0.0 0.0
0.023419302330122297 0.025821599968346695 0.02874838779623621 0.18062857514043354 0.2107169018478361 0.2481310266981773 0.27881676774153946 0.32491771801192637 0.38336216527271777 0.0006375054813033714 0.010730346217468276 0.00990579395805351 0.0 0.0 0.0
0.022908025459538895 0.025354642639596265 0.02837076221456791 0.17281843272045747 0.20257920341368346 0.240081370271827 0.2722854250427025 0.3183513718035409 0.37709393430406957 0.0006758904190746897 0.011424832559626225 0.010437994013105828 0.0 0.0 0.0
0.022433777003660418 0.02494255359982346 0.028074545074667855 0.16587593023571434 0.19556009460226287 0.23363069052331825 0.26456076665100076 0.3103955246422722 0.3692363440589428 0.0007143246115303256 0.012196832970825109 0.011021791689563016 0.0 0.0 0.0
0.02199480272080955 0.0245813546229509 0.02785144396846597 0.16050464062642086 0.19047564668281558 0.22973907751506456 0.25620126743101657 0.30170902509678343 0.36059948100720357 0.0007525462512482324 0.01305080291013969 0.011665546392969656 0.0 0.0 0.0
0.02158157544697703 0.024257046534044053 0.02767995647001481 0.15731600638746626 0.1880110665790051 0.229159993216647 0.2478613567703725 0.2930691395654533 0.3521426505774038 0.0007902966619705537 0.013989446434402978 0.012377276372506825 0.0 0.0 0.0
0.021178397492975207 0.023947801131497918 0.027528610404106556 0.1567059323860735 0.1885782565408849 0.23227619974324148 0.2402501071849528 0.285320288502201 0.34490596629699716 0.000827331994073544 0.015013659566236529 0.01316426139626515 0.0 0.0 0.0
0.02076560496920693 0.02362694527813945 0.027360217450693003 0.15875755941508868 0.1922161236549539 0.23901081340239216 0.23406829056938455 0.27929566102998576 0.3399060475033819 0.0008634372300696198 0.01612256588083461 0.014032690494162567 0.0 0.0 0.0
0.02032204575101119 0.02326625304054901 0.027136400142376654 0.16322157907816995 0.19858630361169635 0.2488598363287158 0.2299234269783541 0.27571257400555 0.33800016885811646 0.0008984426982667935 0.017313617928746416 0.014987384829095887 0.0 0.0 0.0
0.01982752656460726 0.022839124555920118 0.02682181549663897 0.16958587773405667 0.20706554927309825 0.2610239583167429 0.22823532834847204 0.27505858142977596 0.33974484340662947 0.0009322432554498534 0.01858273890292834 0.01603161198804338 0.0 0.0 0.0
0.019265023030266625 0.022323393463817166 0.026387781175921513 0.17719478660767649 0.21688355401089435 0.27457097446140355 0.229159238910798 0.27750208267813475 0.34529354290328673 0.0009648201969389755 0.019924484540581676 0.01716699309784801 0.0 0.0 0.0
0.01862257134681298 0.021703687313928532 0.025815277492680786 0.18536364163124922 0.22724826115380592 0.2885701904367028 0.23255698511190645 0.28286269608371845 0.3543741221894761 0.0009962657418026211 0.021332212595628407 0.018393492179659608 0.0 0.0 0.0
0.01789487183738346 0.02097341110239074 0.0250974798525961 0.19345810555798615 0.2374303777487936 0.3021781314476828 0.23802954766468787 0.29065427522794096 0.36635401393356515 0.001026809565375279 0.022798254138757666 0.01970947035974642 0.0 0.0 0.0
0.017084713254931844 0.020136512396547224 0.02424205909558978 0.20093634199034077 0.2468081771871108 0.3146827933743688 0.2449967587573786 0.30018102286750775 0.38036296248047874 0.0010568462447452039 0.024314086369916735 0.021111786131049505 0.0 0.0 0.0
0.016204366218558613 0.019209214142942646 0.02327347408901169 0.20736559023351483 0.2548858080899653 0.32552211068050796 0.25279285764655857 0.3106495623263855 0.39542761168634716 0.0010869615901392428 0.02587051036777448 0.022595925460939928 0.0 0.0 0.0
0.015277081503556923 0.018221850700422374 0.022235338317460523 0.2124252589187091 0.26129786555381485 0.33428972155423947 0.26075019296957946 0.32126588197094497 0.4105840389883254 0.0011179546546977032 0.027457839536458507 0.024156150270575272 0.0 0.0 0.0
0.014338714919155608 0.017220744077760527 0.02119255538812823 0.2159046385762637 0.2658085340193686 0.3407360156604841 0.26825837175407247 0.33130379002607774 0.4249560109254363 0.0011508508746983254 0.02906610587407294 0.025785659016345205 0.0 0.0 0.0
0.013439162022010167 0.016269554497036588 0.02023208519781423 0.21769951414860542 0.2683096493754831 0.3447684296191286 0.27479934926865845 0.340146132761799 0.4378023962138999 0.0011869006444004335 0.03068529197568242 0.027476757733025416 0.0 0.0 0.0
0.012642522269940153 0.01544853566952909 0.019459820760320847 0.21780952932867373 0.26881952162245004 0.34645245955099685 0.27996497092136136 0.3473063494878759 0.44854301842053934 0.0012275573121992122 0.03230559716760745 0.029221043499694767 0.0 0.0 0.0
0.012023666925592185 0.014848763583282078 0.018989819213245194 0.2163368222961921 0.2674829224598039 0.3460133160319385 0.2834639626177319 0.3524382250090566 0.45677178487391845 0.0012744299290274677 0.033917746480902754 0.03100960482809647 0.0 0.0 0.0
0.011658048404117724 0.014558136875229184 0.018923514228354428 0.21348565232338926 0.2645716616127335 0.34383688834350146 0.28512356790045607 0.35533959914275864 0.4622632823134555 0.0013292097343389176 0.035513351301842654 0.03283324512102605 0.0 0.0 0.0
0.011603870731659981 0.014639827776334971 0.01932337531382219 0.2095619871602758 0.26048413046961655 0.3404671996141008 0.2848889972855237 0.3559534924239558 0.46497636950641297 0.0013935751514087232 0.03708533033791412 0.03468273632636418 0.0 0.0 0.0
0.011883027289465234 0.0151122411190751 0.020194225690397267 0.20497095672345306 0.255740708071516 0.3365955732500127 0.28282229044893725 0.35436831898125476 0.46505622373979766 0.0014690864412886947 0.038628398708765874 0.03654911039589935 0.0 0.0 0.0
0.012473134934828212 0.015943495236458344 0.02148420483810288 0.2002084987595684 0.25096991071829344 0.33303457986750207 0.27910108298502745 0.35081753111602 0.462834665891035 0.0015570854703082205 0.04013963102889933 0.03842399623103828 0.0 0.0 0.0
0.01331659780825894 0.017063897055838946 0.023103276361708856 0.19584165026896783 0.24687821437184587 0.33066880687480354 0.2740168593088154 0.34567787175549003 0.4588270457018084 0.0016586158503517049 0.041619100588625196 0.04030000943239998 0.0 0.0 0.0
0.014338980055306608 0.018386435671088035 0.02494615204296123 0.19247095610661316 0.24419646022883307 0.33037720680362365 0.26797127279127625 0.33946408473262635 0.45372223260513866 0.0017743735605808603 0.04307059021299895 0.04217120121688521 0.0 0.0 0.0
0.015465016532881118 0.019823638907047934 0.026909158953650612 0.19067089343368082 0.24360077934635813 0.33293096066651195 0.2614678113518764 0.332816276839009 0.44836034469825653 0.0019046901861928124 0.044502359925809046 0.044033571039906794 0.0 0.0 0.0
0.016627359125193815 0.021296691313193547 0.028898896559771146 0.190912712365033 0.24561798649859862 0.33888554093080253 0.2550945155111805 0.3264743604863248 0.44369140008717367 0.0020495435547954652 0.045927940956910586 0.045885644333425485 0.0 0.0 0.0
0.017769454827347365 0.022738580665379485 0.030835201901425992 0.19348739419378255 0.250540200710735 0.34849774545962015 0.24949222810462612 0.3212331430014284 0.44070867685845694 0.0022085864211067808 0.047366904073785056 0.04772911176857975 0.0 0.0 0.0
0.01884545721548541 0.024094220015784387 0.03265135127906885 0.19845555396403983 0.2583791290378095 0.3616959576233985 0.2453035313136555 0.3178737194247809 0.44035549759121734 0.0023811834867380377 0.04884552302560224 0.049569518889511506 0.0 0.0 0.0
0.019819158182194107 0.02531952934263548 0.03429333030304787 0.20564473468238778 0.26887731802919684 0.37811176722951073 0.24310235192107815 0.31707413928548855 0.4434146272048631 0.00256644927876731 0.050397223807107094 0.05141698414791742 0.0 0.0 0.0
0.020662854559834624 0.02638040800209204 0.035719016797278694 0.21469328363304802 0.28156833628619826 0.39715631003934493 0.2433140898702207 0.31931451236716507 0.4504025069862376 0.002763282567180989 0.05206268407624284 0.053286908818652334 0.0 0.0 0.0
0.021356446460510645 0.0272519169910558 0.03689756739772992 0.22511997897589975 0.2958594659964481 0.4181123247020219 0.24614714649762598 0.3248025958839943 0.4614977541732546 0.002970395825902868 0.05388943571649966 0.05520062413948173 0.0 0.0 0.0
0.02188680202756225 0.0279177216192929 0.03780905503027413 0.23639413774500403 0.31111021313074766 0.4402174145973212 0.2515598312653158 0.3334453738668186 0.47652633640395975 0.0031863401975094486 0.055930842044210304 0.05718590066213526 0.0 0.0 0.0
0.02224733908726871 0.028369753322231354 0.03844431839831884 0.24799029742473713 0.3266919065468316 0.4627266813338318 0.25927530054669307 0.34487609566570177 0.49500571104185 0.003409527505497216 0.05824438284333398 0.0592772255363845 0.0 0.0 0.0
0.022437760301065434 0.028608029924246495 0.03880496343789239 0.25942358007412447 0.34202601900670426 0.48495385848960276 0.26883706606118635 0.3585240891632305 0.516229420667427 0.00363825130976987 0.06088928803053939 0.061515741049855466 0.0 0.0 0.0
0.022463885483214485 0.02864057670600685 0.03890345442214833 0.27026911613756405 0.35660553647831716 0.5062955151027352 0.27968315455382536 0.3737016454300984 0.5393648001458693 0.0038707090919060582 0.06392369701260943 0.0639487402103077 0.0 0.0 0.0
0.022337532765429526 0.028483394238026004 0.03876322695400812 0.28017090902136166 0.3700051922665853 0.5262439175524918 0.29121664761080407 0.38968443354766724 0.5635414162150636 0.004105027595369235 0.06740164617891298 0.06662864093870767 0.0 0.0 0.0
0.022076401095009305 0.028160412696862175 0.03841873407850141 0.2888447056436409 0.38188531504523965 0.5443930759901635 0.3028598446583938 0.40577293130435843 0.5879191702186858 0.00433929326165117 0.07137025226920839 0.06961141475180684 0.0 0.0 0.0
0.021703895846525906 0.027703349564500608 0.03791529124826035 0.29607789545912283 0.39199240303203026 0.5604409888887717 0.31408956109552044 0.4213329901611445 0.6117347970866591 0.004571589662744855 0.07586743080156559 0.07295452572950392 0.0 0.0 0.0
0.021248814139240263 0.0271513432152624 0.03730851071687679 0.3017281500008335 0.40015818807634257 0.5741898380488492 0.3244569877528997 0.4358194629831835 0.6343306668877821 0.004800043857561995 0.08092037044271518 0.07671452648330822 0.0 0.0 0.0
0.020744766300091217 0.026550168678365606 0.036663017189450045 0.30572164875724284 0.40629806177686245 0.5855450221439648 0.33359711613626425 0.4487882599349043 0.6551710681380051 0.005022883691987741 0.08654481958807442 0.08094453488377586 0.0 0.0 0.0
0.020229161882423668 0.025950767722053496 0.03605004758587911 0.308051233633953 0.410409207859489 0.5945133769590003 0.3412319965760636 0.4599013678212334 0.6738503991148723 0.005238508194774258 0.0927450901781628 0.08569185163992528 0.0 0.0 0.0
0.01974155646618897 0.025406786639120174 0.035543538781398695 0.3087745559601241 0.41256848196125484 0.6012005985202291 0.34717072515959535 0.4689279261075137 0.6900963489630282 0.005445573345051596 0.09951459080056584 0.09099595829428982 0.0 0.0 0.0
0.019321187938233664 0.02497089527168391 0.035214524324621965 0.3080121134652082 0.4129298884893698 0.6058076646452606 0.3513078494564704 0.47574317849065073 0.7037699131307543 0.005643095514957156 0.10683667904828403 0.09688706188439127 0.0 0.0 0.0
0.019003694128253184 0.02468995996944739 0.03512419822425111 0.3059449413237376 0.4117213474470019 0.6086258779279088 0.35362104168104785 0.48032620971205675 0.7148631598193802 0.005830574676032767 0.11468565616994192 0.10338525023370768 0.0 0.0 0.0
0.018817332398859465 0.02459968283747236 0.035316784345966946 0.30281157080964505 0.40924027660190476 0.6100299990533681 0.3541683550774038 0.4827567807955081 0.7234950230782359 0.006008138762693996 0.12302778741493281 0.11050022298333809 0.0 0.0 0.0
0.018779431999607087 0.024719904862391815 0.0358139824259052 0.2989036751696408 0.40584732055066675 0.6104688072525863 0.353085038190201 0.48321117823072957 0.729904960515104 0.006176709045150888 0.13182229448310567 0.11823149439187926 0.0 0.0 0.0
0.01889405562740739 0.02505198232954589 0.036612691204765145 0.29455959005261684 0.4019573601133875 0.610452354612518 0.35057962908241586 0.4819566946679886 0.7344440086369824 0.006338183461283706 0.14102231774057364 0.1265689355535329 0.0 0.0 0.0
0.01915165543673793 0.025579145258038668 0.0376867233274258 0.29015468159823327 0.3980268084382506 0.6105352503850164 0.34692881722518715 0.4793440996190783 0.737562565519336 0.00649562995274355 0.15057588087589788 0.13549353152695046 0.0 0.0 0.0
0.019530866112759757 0.02626969448966987 0.038991822931396865 0.28608747340159724 0.39453628572265015 0.6112956238806303 0.3424703135083371 0.4757972255480261 0.739794145400288 0.006653474342830198 0.16042691113110674 0.14497825960599817 0.0 0.0 0.0
0.02000183999157471 0.027081934918197825 0.04047233404099536 0.2827607538437115 0.39196825376314204 0.6133100605420205 0.33759272836394444 0.4717986337165545 0.7417344452225326 0.006817657031139231 0.17051637823372554 0.15498903415216886 0.0 0.0 0.0
0.020530140662734935 0.02796943260423471 0.0420678031750512 0.28055780996378094 0.3907802425228627 0.6171257903394715 0.3327213163181533 0.4678703512664914 0.7440154305419724 0.006995720837185255 0.18078361873491505 0.16548570041373784 0.0 0.0 0.0
0.02108031557219941 0.028885528699738327 0.043718400172556265 0.27981555254684826 0.3913758727099395 0.6232325649991072 0.328298583600193 0.4645490640090568 0.7472748661672084 0.00719678205387313 0.1911679125799228 0.1764230891116537 0.0 0.0 0.0
0.021618659969731852 0.029786642939573955 0.04536877487361455 0.28079825820763676 0.3940775543097894 0.6320376204251374 0.32475941858201157 0.46235608684706153 0.7521227792562138 0.0074313345100246765 0.20161037699930368 0.1877521639662291 0.0 0.0 0.0
0.02211507447772773 0.03063438180167036 0.04697047389226315 0.2836770587978174 0.39910572974165004 0.6438474050120495 0.32250177760321075 0.46176395555229843 0.7591075777225988 0.007710850480319747 0.21205623955331163 0.1994213068253834 0.0 0.0 0.0
0.022544152709678446 0.031396703119982855 0.04848325417922879 0.2885200713600868 0.406569026940606 0.6588590204245794 0.3218559263115053 0.46316330616149026 0.7686855850039954 0.00804717849695025 0.2224575465941138 0.21137779148964247 0.0 0.0 0.0
0.022885712238303695 0.0320484322738159 0.049875642716366714 0.2952957429405707 0.41646748538632117 0.6771626241798999 0.3230571547896422 0.466835139148643 0.7811981133963318 0.00845179272146809 0.23277635363743912 0.2235694993770456 0.0 0.0 0.0
0.023124965714037576 0.032571373667218906 0.05112501763072758 0.3038884088363304 0.4287078660338328 0.69875390451931 0.32622766209014564 0.4729337194329038 0.7968595164754532 0.00893500309308909 0.24298842707467877 0.23594692882595467 0.0 0.0 0.0
0.02325247884527263 0.032954186603971036 0.052217397541279624 0.31412193821454976 0.44312730651951937 0.7235539081586174 0.33137202288808354 0.48148370975719 0.8157579417794952 0.009505262288379812 0.2530874579092869 0.24846554524751183 0.0 0.0 0.0
0.023264011884591516 0.0331921303571224 0.05314705392137124 0.3257860506637367 0.4595203247383578 0.7514325612957102 0.33838740462859035 0.4923920273461361 0.8378682182259224 0.010168685140671098 0.2630897420116727 0.26108851079633144 0.0 0.0 0.0
0.023160303332976216 0.033286737973123065 0.05391601224359491 0.3386605988950411 0.4776646013210452 0.7822323138874365 0.3470858545884288 0.505471562823676 0.8630742052338285 0.010928834312160168 0.27303921103056156 0.2737898181630818 0.0 0.0 0.0
0.02294682955159005 0.03324544992427206 0.05453347828247703 0.35253496055148276 0.4973424733858013 0.8157891808383885 0.3572233064924531 0.5204716681369035 0.891196651087866 0.01178675243737927 0.28301259713233223 0.2865578311389657 0.0 0.0 0.0
0.022633558440816617 0.033081221916674224 0.05501521051414979 0.3672215987993517 0.5183567987169402 0.8519495964745454 0.3685294458596951 0.5371098887965771 0.9220224070420452 0.01274116876710757 0.29312437981905287 0.2993992017160044 0.0 0.0 0.0
0.022234705083647457 0.032812111046068876 0.05538285308714872 0.38256419791100316 0.5405412065028907 0.8905825508701737 0.3807339076831578 0.5551005174616647 0.9553315341547197 0.013788792938559476 0.30353099895544305 0.3123430862743258 0.0 0.0 0.0
0.02176848830515833 0.03246083731271093 0.05566324268630326 0.39844143662777626 0.5637655384806962 0.9315872308851266 0.3935863840712374 0.5741773558136716 0.9909199913383823 0.014924623570725456 0.3144336448681368 0.3254455188373464 0.0 0.0 0.0
0.021256875949039588 0.03205431071803004 0.0558877042063485 0.41476760378149674 0.5879375788452904 0.9748968084122479 0.4068701030941671 0.5941097967354839 1.02861677950622 0.01614222805220467 0.3260787969025859 0.33879371611305803 0.0 0.0 0.0
0.020725290380468435 0.03162310644265553 0.05609135259447748 0.4314911224387032 0.6130021483246181 1.0204791662357413 0.42040934027624904 0.6147125525960216 1.0682953681201595 0.017433977409409745 0.33875564485917414 0.35250998958650603 0.0 0.0 0.0
0.02020222285606794 0.03120086211598611 0.0563124199330715 0.4485918069924518 0.6389384585331859 1.068335322320527 0.4340721493218349 0.6358499972226379 1.1098798552673337 0.0187912393827859 0.3527896774785175 0.36675483352318883 0.0 0.0 0.0
0.019718678367438715 0.030823564198838173 0.05659162640323101 0.4660774289646413 0.6657563942268487 1.11849619187748 0.44776957178430493 0.6574362984316598 1.1533466409450364 0.020204543122687164 0.36853212646850436 0.3817286633925756 0.0 0.0 0.0
0.01930735152420257 0.030528689946788628 0.056971610041479735 0.483979951219628 0.6934921709720597 1.1710181761846867 0.46145243901694666 0.6794324770607172 1.1987225071327647 0.02166373264611709 0.386345613435112 0.39767162728241 0.0 0.0 0.0
0.019001440345468242 0.030354184517564983 0.05749642262071416 0.5023516166807196 0.722203630323035 1.2259779293283979 0.4751066702840502 0.7018413793571959 1.246079980830395 0.02315812623545616 0.40658714444803856 0.4148609425332698 0.0 0.0 0.0
0.018833067770774627 0.0303372863133947 0.05821108810685774 0.5212609463435284 0.7519652953344899 1.283466554317534 0.48874777447410545 0.7247013748431967 1.2955307705220145 0.024676697472401036 0.42959029917192365 0.43360535954104845 0.0 0.0 0.0
0.01883141850539238 0.030513268141371248 0.059161208057534886 0.5407886124258294 0.782863222623081 1.3435834334854928 0.502415101230354 0.7480794264813102 1.3472179520798513 0.026208291856288635 0.45564879597466557 0.45423664465618313 0.0 0.0 0.0
0.0190208839695008 0.030914224656754394 0.060392588646167346 0.5610231092092961 0.8149896585980748 1.4064299122281612 0.5161662549913186 0.772064031525036 1.4013074590967196 0.027741891545213573 0.48500340851955964 0.4770983850460667 0.0 0.0 0.0
0.01941964576248394 0.031568080548513004 0.06195086098306027 0.5820561523401094 0.8484375411000171 1.4721031310553 0.5300719684100944 0.7967583961867811 1.457979317434797 0.02926693984609804 0.5178335032524646 0.5025328777216468 0.0 0.0 0.0
0.020039097097139892 0.032497987820426864 0.06388107327815866 0.6039778022880157 0.883294984403024 1.5406904334105427 0.5442116181864043 0.8222740812378649 1.5174189631737636 0.030773736585918348 0.5542535099589003 0.53086725502663 0.0 0.0 0.0
0.020884261507596223 0.03372221075865465 0.06622725029143377 0.6268714303868057 0.9196400405856905 1.6122649542068166 0.5586694522161156 0.8487252401125304 1.5798089055842264 0.03225391517531088 0.5943137574712627 0.562400194114296 0.0 0.0 0.0
0.021955030650349802 0.03525448445987047 0.06903193833511681 0.6508088202909714 0.957536231749805 1.6868831993614346 0.5735314867818582 0.8762234739529772 1.645320951161241 0.03370101161517373 0.6380045471879302 0.5973904790582991 0.0 0.0 0.0
0.023247802105425954 0.03710472516285906 0.07233577521905897 0.675845909215981 0.9970295765419708 1.7645856383320158 0.5888829388144667 0.9048732624861132 1.714109199439714 0.035111134251631926 0.6852621681347328 0.6360483408367829 0.0 0.0 0.0
0.02475707064963676 0.03927991384350362 0.07617713571303845 0.7020198999208432 1.038148066738661 1.845401525610193 0.604805998597707 0.934767910730105 1.7863040619404145 0.036483739767875244 0.7359756967351898 0.6785299927380865 0.0 0.0 0.0
0.02647667575584185 0.04178498389788254 0.08059189912448984 0.7293486896213095 1.0809047585761637 1.9293593175891934 0.6213777410863688 0.9659859919550589 1.862007643028958 0.0378225142596824 0.7899937238939246 0.724935254557188 0.0 0.0 0.0
0.028400610657702063 0.04462360012698032 0.08561336672031784 0.7578337390361836 1.125305801804089 2.016504130207377 0.6386680337949642 0.9985883731279503 1.9412909501573512 0.039136346281396533 0.8471304775417828 0.7753077510264841 0.0 0.0 0.0
0.030523452276285206 0.04779878489481578 0.09127232845486963 0.787467618820797 1.171364808923965 2.1069236569978496 0.6567374320753337 1.0326160765452579 2.0241935581753516 0.04044035905045444 0.9071710801148533 0.829636949878386 0.0 0.0 0.0
0.0328405424825752 0.05131339999283162 0.0975972488954409 0.8182474977150311 1.2191249339415864 2.200783792079466 0.6756352525905018 1.0680894454957834 2.11072651833679 0.041756939261974504 0.9698758711129264 0.8878612739453351 0.0 0.0 0.0
0.03534805518005068 0.05517051787513151 0.10461451873461694 0.8501957463564179 1.2686898354085907 2.298374814564447 0.6953982631911519 1.1050093167212494 2.200879451005569 0.04311665934454553 1.0349838442882164 0.9498716323435574 0.0 0.0 0.0
0.038043051316087234 0.0593737163637465 0.11234870529611819 0.8833885730267532 1.3202642658699808 2.400168300166378 0.7160506893949132 1.1433611233893808 2.294632859801304 0.0445589415105717 1.1022153232408989 1.015514904751403 0.0 0.0 0.0
0.040923580166231384 0.06392731627084895 0.12082273410472302 0.9179930974023791 1.3742042431043733 2.5068838167774796 0.7376064714642433 1.1831230182355377 2.391976716306432 0.04613226581369226 1.1712740586016073 1.0845971263944638 0.0 0.0 0.0
0.043988844143923775 0.06883656164126546 0.13005794260814466 0.9543123737139645 1.4310754628522189 2.6195628085896328 0.7600748636025554 1.2242791722025264 2.492936244808569 0.04789370061497305 1.241849003671307 1.1568863268943157 0.0 0.0 0.0
0.047239411610535555 0.07410772477815594 0.14007396403607777 0.9928364250381496 1.4917166452181176 2.7396447921092957 0.783470499067967 1.266839319941687 2.5976055356910543 0.04990756056646649 1.313616139866486 1.2321151616519084 0.0 0.0 0.0
0.05067743878931704 0.07974810695767909 0.15088842138585307 1.0342951905902265 1.5573017855128604 2.869038124039782 0.807828903952837 1.3108653342869356 2.7061890781007567 0.05224310038479268 1.3862409022474746 1.309983642671718 0.0 0.0 0.0
0.05430684729493288 0.08576590229142567 0.16251643592828588 1.0797064124111964 1.629391974313108 3.0101744747075423 0.8332280788445129 1.35650505243096 2.81905047061325 0.05497133569634061 1.4593820181838728 1.3901624371971462 0.0 0.0 0.0
0.05813339714315686 0.09216989638443412 0.1749699788415799 1.130408274971234 1.7099642198465166 3.166033489699197 0.8598161272694974 1.4040326737100006 2.9367663981360654 0.05816130532627525 1.5326979296910817 1.4722973696494117 0.0 0.0 0.0
0.06216459593728539 0.09896898204598872 0.18825711615822413 1.1880640951994939 1.8014028834854794 3.340123149483298 0.8878439338786139 1.4538937341225329 3.0601824482712265 0.06187626963159467 1.605857416197626 1.556015944782804 0.0 0.0 0.0
0.06640939315179846 0.1061714895255226 0.2023812140223464 1.2546263092769605 1.9064408014671264 3.5364034841798624 0.917700537874558 1.5067509104462606 3.1904655572178693 0.06617038717122135 1.6785565334414623 1.6409369099726852 0.0 0.0 0.0
0.07087762405291625 0.1137843464979542 0.2173401818414473 1.3322513956191797 2.028043548800673 3.7591476229199765 0.9499471264500585 1.5635248103223762 3.3291460412991007 0.07108628910472227 1.7505444508902095 1.7266840815357754 0.0 0.0 0.0
