0.020311978466663928
0.040623956933327855
0.060935935399991786
0.08124791386665571
0.10155989233331963
0.12187187079998356
0.14218384926664748
0.16249582773331142
0.18280780619997536
0.2031197846666393
0.22343176313330324
0.24374374159996717
0.2640557200666311
0.284367698533295
0.30467967699995896
0.3249916554666229
0.34530363393328684
0.3656156123999508
0.3859275908666147
0.40623956933327865
0.4265515477999426
0.4468635262666065
0.46717550473327046
0.4874874831999344
0.5077994616665983
0.5281114401332622
0.548423418599926
0.5687353970665899
0.5890473755332538
0.6093593539999177
0.6296713324665816
0.6499833109332455
0.6702952893999093
0.6906072678665732
0.7109192463332371
0.731231224799901
0.7515432032665649
0.7718551817332288
0.7921671601998926
0.8124791386665565
0.8327911171332204
0.8531030955998843
0.8734150740665482
0.893727052533212
0.9140390309998759
0.9343510094665398
0.9546629879332037
0.9749749663998676
0.9952869448665315
1.0155989233331955
1.0359109017998593
1.0562228802665232
1.076534858733187
1.096846837199851
1.1171588156665149
1.1374707941331788
1.1577827725998426
1.1780947510665065
1.1984067295331704
1.2187187079998343
1.2390306864664982
1.259342664933162
1.279654643399826
1.2999666218664898
1.3202786003331537
1.3405905787998176
1.3609025572664815
1.3812145357331453
1.4015265141998092
1.421838492666473
1.442150471133137
1.4624624495998009
1.4827744280664648
1.5030864065331286
1.5233983849997925
1.5437103634664564
1.5640223419331203
1.5843343203997842
1.604646298866448
1.624958277333112
1.6452702557997758
1.6655822342664397
1.6858942127331036
1.7062061911997675
1.7265181696664313
1.7468301481330952
1.767142126599759
1.787454105066423
1.8077660835330869
1.8280780619997508
1.8483900404664146
1.8687020189330785
1.8890139973997424
1.9093259758664063
1.9296379543330702
1.949949932799734
1.970261911266398
1.9905738897330618
2.010885868199726
2.03119784666639
2.051509825133054
2.0718218035997182
2.0921337820663823
2.1124457605330464
2.1327577389997106
2.1530697174663747
2.1733816959330388
2.193693674399703
2.214005652866367
2.234317631333031
2.254629609799695
2.2749415882663593
2.2952535667330234
2.3155655451996875
2.3358775236663516
2.3561895021330157
2.37650148059968
2.396813459066344
2.417125437533008
2.437437415999672
2.4577493944663362
2.4780613729330003
2.4983733513996644
2.5186853298663285
2.5389973083329926
2.5593092867996567
2.579621265266321
2.599933243732985
2.620245222199649
2.640557200666313
2.6608691791329773
